component("11",1,75,74,104,74,75,43,104,43). 
component("4",2,135,145,180,145,135,79,180,79). 
component("5",3,185,140,202,140,185,82,202,82). 
component("6",4,215,142,239,142,215,63,239,63). 
component("12",5,123,185,140,185,123,174,140,174). 
component("9",6,115,242,127,242,115,217,127,217). 
component("3",7,130,134,137,134,130,106,137,106). 
component("10",8,176,245,184,245,176,165,184,165). 
component("8",9,103,241,116,241,103,219,116,219). 
component("3",10,124,133,132,133,124,106,132,106). 
component("1",11,101,134,116,134,101,103,116,103). 
component("7",12,109,200,123,200,109,163,123,163). 
component("2",13,116,125,123,125,116,108,123,108). 
