component("4",1,146,127,181,127,146,75,181,75). 
component("5",2,187,123,200,123,187,74,200,74). 
component("11",3,91,75,116,75,91,53,116,53). 
component("6",4,200,129,223,129,200,57,223,57). 
component("1",5,121,123,132,123,121,96,132,96). 
component("9",6,137,207,148,207,137,186,148,186). 
component("8",7,125,205,136,205,125,186,136,186). 
component("7",8,129,175,140,175,129,143,140,143). 
component("12",9,142,161,155,161,142,152,155,152). 
component("10",10,185,210,193,210,185,141,193,141). 
component("2",11,133,114,140,114,133,99,140,99). 
