component("1", 6, 29105, 46133, 32605, 46133, 29105, 38183, 32605, 38183).
component("12", 8, 29500, 26650, 37400, 26650, 29500, 25150, 37400, 25150).
component("8", 10, 29600, 16986, 33515, 16986, 29600, 11213, 33515, 11213).
component("7", 9, 31800, 30725, 32420, 30725, 31800, 21075, 32420, 21075).
component("2", 11, 32570, 45151, 34740, 45151, 32570, 39561, 34740, 39561).
component("9", 12, 33715, 16630, 35479, 16630, 33715, 11770, 35479, 11770).
component("3", 4, 34740, 45966, 37570, 45966, 34740, 38746, 37570, 38746).
component("11", 1, 36900, 53150, 39900, 53150, 36900, 51450, 39900, 51450).
component("3", 5, 37570, 45966, 40500, 45966, 37570, 38746, 40500, 38746).
component("4", 2, 40500, 49650, 49100, 49650, 40500, 35350, 49100, 35350).
component("5", 3, 49500, 48850, 53000, 48850, 49500, 36150, 53000, 36150).
component("6", 7, 54529, 48200, 59129, 48200, 54529, 33200, 59129, 33200).
