component("4",1,135,141,180,141,135,80,180,80). 
component("5",2,186,139,202,139,186,86,202,86). 
component("11",3,74,71,101,71,74,42,101,42). 
component("8",4,105,243,118,243,105,218,118,218). 
component("9",5,118,239,127,239,118,219,127,219). 
component("10",6,177,240,183,240,177,163,183,163). 
component("6",7,217,134,238,134,217,67,238,67). 
component("3",8,162,188,180,188,162,162,180,162). 
component("9",9,116,149,137,149,116,113,137,113). 
component("9",10,140,157,152,157,140,139,152,139). 
component("5",11,115,135,136,135,115,89,136,89). 
component("7",12,108,198,121,198,108,162,121,162). 
component("3",13,181,246,202,246,181,223,202,223). 
component("10",14,172,239,180,239,172,167,180,167). 
