component("1",1,104,157,119,157,104,126,119,126). 
component("11",2,150,158,177,158,150,127,177,127). 
component("5",3,199,140,213,140,199,88,213,88). 
component("3",4,108,197,125,197,108,169,125,169). 
component("9",5,186,104,197,104,186,84,197,84). 
component("9",6,115,237,125,237,115,214,125,214). 
component("8",7,98,247,108,247,98,221,108,221). 
component("6",8,194,231,217,231,194,149,217,149). 
component("2",9,137,130,145,130,137,108,145,108). 
component("10",10,130,203,135,203,130,127,135,127). 
component("4",11,148,223,191,223,148,165,191,165). 
component("7",12,130,243,134,243,130,206,134,206). 
component("7",13,127,242,133,242,127,206,133,206). 
